protein1 protein2 neighborhood fusion cooccurence coexpression experimental database textmining combined_score
4932.Q0010 4932.YKL203C 0 0 0 0 0 0 193 193
4932.Q0010 4932.YDR012W 0 0 0 0 0 0 392 392
4932.Q0010 4932.YLL053C 0 0 0 0 0 0 693 693
4932.Q0010 4932.Q0017 0 0 0 0 0 0 944 944
4932.Q0010 4932.YNL178W 0 0 0 0 0 0 226 226
4932.Q0010 4932.YGR253C 0 0 0 0 0 0 396 396
4932.Q0010 4932.YHR176W 0 0 0 0 0 0 194 194
4932.Q0010 4932.YBL091C 0 0 0 0 0 0 531 531
4932.Q0010 4932.YOR151C 0 0 0 0 0 0 216 216
4932.Q0010 4932.Q0182 0 0 0 0 0 0 942 942
4932.Q0010 4932.YMR235C 0 0 0 0 0 0 258 258
4932.Q0010 4932.YGL043W 0 0 0 0 0 0 195 195
4932.Q0010 4932.Q0160 0 0 0 124 0 0 163 235
4932.Q0010 4932.Q0143 0 0 0 0 0 0 944 944
4932.Q0010 4932.YBR265W 0 0 0 0 0 0 515 515
4932.Q0010 4932.Q0130 0 0 0 0 0 0 260 260
4932.Q0010 4932.YFL025C 0 0 0 0 0 0 354 354
4932.Q0010 4932.Q0045 0 0 0 183 0 0 0 183
4932.Q0010 4932.Q0297 0 0 0 0 0 0 878 878
4932.Q0010 4932.YKL192C 0 0 0 0 0 0 193 193
4932.Q0010 4932.YNR011C 0 0 0 0 0 0 336 336
4932.Q0010 4932.YOL097C 0 0 0 0 0 0 539 539
4932.Q0010 4932.YBR031W 0 0 0 0 0 0 357 357
4932.Q0010 4932.Q0032 0 0 0 0 0 0 944 944
4932.Q0010 4932.Q0092 0 0 0 0 0 0 873 873
4932.Q0010 4932.YLL058W 0 0 0 0 0 0 228 228
4932.Q0010 4932.YDL114W 0 0 0 0 0 0 380 380
4932.Q0010 4932.YMR099C 0 0 0 0 0 0 315 315
4932.Q0010 4932.Q0085 0 0 0 170 0 0 350 437
4932.Q0010 4932.YLL027W 0 0 0 0 0 0 375 375
4932.Q0010 4932.YPR067W 0 0 0 0 0 0 396 396
4932.Q0010 4932.Q0142 0 0 0 0 0 0 769 769
4932.Q0010 4932.YJR122W 0 0 0 0 0 0 394 394
4932.Q0010 4932.YGL062W 0 0 0 0 0 0 319 319
4932.Q0010 4932.YDL189W 0 0 0 0 0 0 534 534
4932.Q0010 4932.Q0105 0 0 0 239 0 0 73 264
4932.Q0010 4932.YDR268W 0 0 0 0 0 0 513 513
4932.Q0010 4932.YOR207C 0 0 0 0 0 0 161 161
4932.Q0010 4932.YBR159W 0 0 0 0 0 0 515 515
4932.Q0010 4932.YDR242W 0 0 0 0 0 0 226 226
4932.Q0010 4932.YPL135W 0 0 0 0 0 0 276 276
4932.Q0017 4932.YHR179W 0 0 0 0 0 0 394 394
4932.Q0017 4932.YLL053C 0 0 0 0 0 0 309 309
4932.Q0017 4932.YBR208C 0 0 0 0 0 0 379 379
4932.Q0017 4932.YHR176W 0 0 0 0 0 0 227 227
4932.Q0017 4932.YPR167C 0 0 0 0 0 0 309 309
4932.Q0017 4932.YIR022W 0 0 0 0 0 0 392 392
4932.Q0017 4932.Q0182 0 0 0 0 0 0 944 944
4932.Q0017 4932.Q0143 0 0 0 0 0 0 941 941
4932.Q0017 4932.Q0297 0 0 0 0 0 0 944 944
4932.Q0017 4932.YKL192C 0 0 0 0 0 0 538 538
4932.Q0017 4932.Q0032 0 0 0 0 0 0 944 944
4932.Q0017 4932.Q0092 0 0 0 0 0 0 740 740
4932.Q0017 4932.YMR116C 0 0 0 0 0 0 297 297
4932.Q0017 4932.YDL114W 0 0 0 0 0 0 570 570
4932.Q0017 4932.Q0142 0 0 0 0 0 0 942 942
4932.Q0017 4932.YBL098W 0 0 0 0 0 0 394 394
4932.Q0017 4932.YPL171C 0 0 0 0 0 0 357 357
4932.Q0017 4932.Q0010 0 0 0 0 0 0 944 944
4932.Q0017 4932.YBR159W 0 0 0 0 0 0 359 359
4932.Q0017 4932.YDR242W 0 0 0 0 0 0 258 258
4932.Q0032 4932.YHR179W 0 0 0 0 0 0 396 396
4932.Q0032 4932.YLL053C 0 0 0 0 0 0 311 311
4932.Q0032 4932.Q0017 0 0 0 0 0 0 944 944
4932.Q0032 4932.YNL064C 0 0 0 0 0 0 196 196
4932.Q0032 4932.YNR064C 0 0 0 0 0 0 512 512
4932.Q0032 4932.YOR074C 0 0 0 0 0 0 338 338
4932.Q0032 4932.Q0182 0 0 0 0 0 0 944 944
4932.Q0032 4932.YHR144C 0 0 0 0 0 0 680 680
4932.Q0032 4932.Q0143 0 0 0 0 0 0 942 942
4932.Q0032 4932.YLL052C 0 0 0 0 0 0 163 163
4932.Q0032 4932.Q0297 0 0 0 0 0 0 943 943
4932.Q0032 4932.YKL192C 0 0 0 0 0 0 228 228
4932.Q0032 4932.YDR539W 0 0 0 0 0 0 315 315
4932.Q0032 4932.YGL151W 0 0 0 0 0 0 394 394
4932.Q0032 4932.Q0092 0 0 0 0 0 0 739 739
4932.Q0032 4932.YDL114W 0 0 0 0 0 0 196 196
4932.Q0032 4932.YJL194W 0 0 0 0 0 0 196 196
4932.Q0032 4932.Q0142 0 0 0 0 0 0 941 941
4932.Q0032 4932.YHR199C-A 0 0 0 0 0 0 228 228
4932.Q0032 4932.YPL171C 0 0 0 0 0 0 371 371
4932.Q0032 4932.Q0010 0 0 0 0 0 0 944 944
4932.Q0032 4932.YBR159W 0 0 0 0 0 0 250 250
4932.Q0032 4932.YDR242W 0 0 0 0 0 0 273 273
4932.Q0032 4932.YIR007W 0 0 0 0 0 0 227 227
4932.Q0032 4932.YPL215W 0 0 0 0 0 0 193 193
4932.Q0045 4932.YDR455C 0 0 0 0 0 0 190 190
4932.Q0045 4932.YPL188W 0 0 0 0 0 0 373 373
4932.Q0045 4932.YBR118W 0 0 0 0 0 0 307 307
4932.Q0045 4932.YJL180C 0 0 0 0 0 0 213 213
4932.Q0045 4932.YJL062W-A 0 0 0 0 581 0 659 851
4932.Q0045 4932.YGR062C 0 0 0 0 0 0 538 538
4932.Q0045 4932.YEL027W 0 0 0 95 0 0 152 199
4932.Q0045 4932.YML030W 0 0 0 0 808 0 73 814
4932.Q0045 4932.YOL027C 0 0 0 0 0 0 491 491
4932.Q0045 4932.YML021C 0 0 0 0 0 0 167 167
4932.Q0045 4932.YJR051W 0 0 0 140 0 0 117 208
4932.Q0045 4932.YPL132W 155 0 0 121 0 0 738 788
4932.Q0045 4932.YDL033C 0 0 0 0 0 0 583 583
4932.Q0045 4932.YLR008C 0 0 0 0 0 0 258 258
4932.Q0045 4932.Q0250 155 777 422 899 903 900 971 999
4932.Q0045 4932.YNR045W 0 0 0 0 0 0 652 652
4932.Q0045 4932.YDL230W 0 0 0 0 0 0 172 172
4932.Q0045 4932.YMR145C 0 0 0 0 0 900 249 921
4932.Q0045 4932.YOR065W 0 0 0 49 0 900 491 947
4932.Q0045 4932.YFL018C 0 0 0 95 0 0 110 160
4932.Q0045 4932.YMR290C 0 0 0 0 0 0 364 364
4932.Q0045 4932.YEL047C 0 0 0 140 279 0 117 404
4932.Q0045 4932.YDR256C 0 0 0 0 0 0 217 217
4932.Q0045 4932.YPR166C 0 0 0 77 0 0 159 190
4932.Q0045 4932.YJR123W 0 0 0 76 0 0 176 206
4932.Q0045 4932.YBR179C 0 0 0 0 0 0 266 266
4932.Q0045 4932.YLR067C 0 0 0 0 536 0 855 930
4932.Q0045 4932.YGL058W 0 0 0 0 0 0 269 269
4932.Q0045 4932.YER015W 0 0 0 0 0 0 273 273
4932.Q0045 4932.YOR350C 0 0 0 0 0 0 681 681
4932.Q0045 4932.Q0092 0 0 0 0 0 0 531 531
4932.Q0045 4932.YLR382C 0 0 0 0 0 0 549 549
4932.Q0045 4932.YDR158W 0 0 0 0 0 0 177 177
4932.Q0045 4932.YMR080C 0 0 0 0 581 0 0 581
4932.Q0045 4932.YNR001C 0 0 0 0 0 0 303 303
4932.Q0045 4932.YJR047C 0 0 0 0 0 0 197 197
4932.Q0045 4932.YER153C 0 0 0 0 0 0 551 551
4932.Q0045 4932.YOR033C 0 0 0 0 0 0 169 169
4932.Q0045 4932.YMR064W 0 0 0 0 0 0 250 250
4932.Q0045 4932.YDR064W 0 0 0 0 0 0 175 175
4932.Q0045 4932.YOR266W 0 0 0 0 0 0 351 351
4932.Q0045 4932.YDL085W 0 0 0 0 0 900 194 916
4932.Q0045 4932.YER077C 0 0 0 0 0 0 338 338
4932.Q0045 4932.YLR069C 0 0 0 50 0 0 183 191
4932.Q0045 4932.YBR010W 0 0 0 0 0 0 190 190
4932.Q0045 4932.YJL003W 0 0 0 0 324 0 230 457
4932.Q0045 4932.YPR035W 0 0 0 0 0 0 202 202
4932.Q0045 4932.YBR268W 0 0 0 0 0 0 171 171
4932.Q0045 4932.YGR082W 0 0 0 48 0 0 248 253
4932.Q0045 4932.YJL045W 0 0 0 140 0 0 260 336
4932.Q0045 4932.YBL038W 0 0 0 76 0 0 306 332
4932.Q0045 4932.YBR026C 0 0 0 0 0 0 198 198
4932.Q0045 4932.YMR282C 0 0 0 0 0 0 448 448
4932.Q0045 4932.YNR037C 0 0 0 46 0 0 252 256
4932.Q0045 4932.Q0160 0 0 0 143 0 0 90 186
4932.Q0045 4932.YML054C 0 0 0 0 0 0 228 228
4932.Q0045 4932.YJL208C 0 0 0 96 0 0 141 190
4932.Q0045 4932.YDR197W 0 0 0 0 0 0 551 551
4932.Q0045 4932.YER141W 155 0 0 94 0 0 726 772
4932.Q0045 4932.YDR079W 0 0 0 0 0 0 177 177
4932.Q0045 4932.Q0070 0 0 55 895 0 540 67 951
4932.Q0045 4932.YPR191W 54 0 0 42 653 900 628 986
4932.Q0045 4932.YEL021W 91 0 0 0 0 0 274 311
4932.Q0045 4932.YOL033W 0 0 0 0 0 0 234 234
4932.Q0045 4932.YLR333C 0 0 0 0 0 0 301 301
4932.Q0045 4932.YMR257C 0 0 0 0 0 0 482 482
4932.Q0045 4932.YER102W 0 0 0 0 0 0 327 327
4932.Q0045 4932.YDR115W 0 0 0 0 0 0 358 358
4932.Q0045 4932.YDR405W 0 0 0 0 0 0 376 376
4932.Q0045 4932.YOL114C 0 0 0 42 0 0 394 394
4932.Q0045 4932.YPL091W 0 0 0 95 0 0 110 160
4932.Q0045 4932.Q0065 0 0 67 872 0 540 90 943
4932.Q0045 4932.YBR255C-A 0 0 0 0 323 0 0 323
4932.Q0045 4932.YKL216W 0 0 0 0 197 0 80 229
4932.Q0045 4932.Q0110 102 0 0 507 268 0 773 916
4932.Q0045 4932.YLR281C 0 0 0 0 0 0 258 258
4932.Q0045 4932.YPL078C 0 0 0 46 0 0 267 271
4932.Q0045 4932.YLR163C 54 0 0 0 252 540 117 674
4932.Q0045 4932.YNL178W 0 0 0 78 0 0 311 337
4932.Q0045 4932.YLR393W 0 0 0 0 0 0 446 446
4932.Q0045 4932.YPL013C 0 0 0 57 0 0 351 362
4932.Q0045 4932.YGR240C 0 0 0 0 0 0 193 193
4932.Q0045 4932.YFR033C 0 0 0 49 0 900 365 934
4932.Q0045 4932.Q0055 0 0 0 309 0 0 326 515
4932.Q0045 4932.YBR151W 0 0 0 0 0 0 297 297
4932.Q0045 4932.YPR125W 0 0 0 0 0 0 406 406
4932.Q0045 4932.YOL140W 0 0 0 0 0 0 398 398
4932.Q0045 4932.YHR116W 0 0 0 0 0 0 194 194
4932.Q0045 4932.YER142C 0 0 0 0 0 0 169 169
4932.Q0045 4932.YMR118C 0 0 0 207 0 0 164 308
4932.Q0045 4932.YFL039C 0 0 0 0 0 0 200 200
4932.Q0045 4932.YGL252C 0 0 0 0 0 0 192 192
4932.Q0045 4932.YNL123W 0 0 0 57 0 0 150 164
4932.Q0045 4932.YBR146W 0 0 0 0 0 0 202 202
4932.Q0045 4932.YLR256W 0 0 0 0 0 0 258 258
4932.Q0045 4932.YPR080W 0 0 0 0 0 0 342 342
4932.Q0045 4932.YDR203W 0 0 0 0 0 0 195 195
4932.Q0045 4932.YGL143C 0 0 0 0 445 0 228 553
4932.Q0045 4932.YBR024W 140 0 0 57 0 0 340 418
4932.Q0045 4932.YDR194C 0 0 0 0 0 0 853 853
4932.Q0045 4932.YLR439W 0 0 0 0 0 0 196 196
4932.Q0045 4932.YHR086W 0 0 0 0 581 0 0 581
4932.Q0045 4932.YDR156W 0 0 0 0 0 0 337 337
4932.Q0045 4932.YPL189C-A 0 0 0 0 319 0 554 683
4932.Q0045 4932.YBR251W 0 0 0 45 0 0 495 497
4932.Q0045 4932.YMR110C 0 0 0 42 0 0 194 194
4932.Q0045 4932.YKL195W 0 0 0 0 0 0 235 235
4932.Q0045 4932.YLR188W 0 0 0 0 0 0 220 220
4932.Q0045 4932.YHR051W 0 0 0 52 888 900 883 998
4932.Q0045 4932.Q0140 0 0 0 0 581 0 877 946
4932.Q0045 4932.YKL109W 0 0 0 0 0 0 161 161
4932.Q0045 4932.YJL166W 0 0 0 52 494 900 363 965
4932.Q0045 4932.YLR099W-A 0 0 0 0 0 0 171 171
4932.Q0045 4932.YCR012W 0 0 0 57 0 0 177 191
4932.Q0045 4932.YNR036C 0 0 0 55 0 0 350 359
4932.Q0045 4932.YMR293C 0 0 0 0 0 0 309 309
4932.Q0045 4932.YPL097W 0 0 0 0 0 0 298 298
4932.Q0045 4932.YLR204W 0 0 0 0 0 0 553 553
4932.Q0045 4932.YPL234C 0 0 0 95 0 0 157 205
4932.Q0045 4932.Q0275 155 312 385 909 903 900 940 999
4932.Q0045 4932.Q0120 102 4 0 507 268 900 907 996
4932.Q0045 4932.YLR203C 0 0 0 0 581 0 939 973
4932.Q0045 4932.YPL215W 0 0 0 0 0 0 483 483
4932.Q0045 4932.YKL148C 0 0 0 140 0 0 303 375
4932.Q0045 4932.YOR151C 0 0 0 0 0 0 346 346
4932.Q0045 4932.YJL046W 0 0 0 48 0 0 148 154
4932.Q0045 4932.YDR019C 0 0 0 0 0 0 198 198
4932.Q0045 4932.YOL128C 0 0 0 0 0 0 181 181
4932.Q0045 4932.YKL192C 0 0 0 0 290 0 0 290
4932.Q0045 4932.YPL252C 0 0 0 0 0 0 638 638
4932.Q0045 4932.YPL104W 0 0 0 0 0 0 196 196
4932.Q0045 4932.YIL155C 0 0 0 0 0 0 189 189
4932.Q0045 4932.YOR330C 0 0 0 0 0 0 461 461
4932.Q0045 4932.YBR117C 0 0 0 0 0 0 175 175
4932.Q0045 4932.YEL024W 155 0 0 56 300 900 643 976
4932.Q0045 4932.YBL057C 154 0 0 0 0 0 0 154
4932.Q0045 4932.YNR017W 0 0 0 0 347 0 0 347
4932.Q0045 4932.YIL125W 0 0 0 258 0 0 118 317
4932.Q0045 4932.YDL004W 0 0 0 0 0 0 152 152
4932.Q0045 4932.YPR024W 0 0 0 0 0 0 198 198
4932.Q0045 4932.YGR027C 0 0 0 0 0 0 301 301
4932.Q0045 4932.YGR183C 0 0 0 48 300 900 365 952
4932.Q0045 4932.YBL022C 0 0 0 43 0 0 200 202
4932.Q0045 4932.YKL167C 0 0 0 0 0 0 165 165
4932.Q0045 4932.YLL041C 0 0 0 147 0 0 577 624
4932.Q0045 4932.YBL080C 0 0 0 0 0 0 350 350
4932.Q0045 4932.YDR453C 0 0 0 0 0 0 172 172
4932.Q0045 4932.Q0010 0 0 0 183 0 0 0 183
4932.Q0045 4932.YBR037C 140 0 0 57 0 0 598 645
4932.Q0045 4932.YEL041W 0 0 0 0 0 0 161 161
4932.Q0045 4932.YKL011C 0 0 0 0 0 0 554 554
4932.Q0045 4932.YLR241W 0 0 0 0 0 0 250 250
4932.Q0045 4932.YBL045C 54 0 0 0 850 900 384 990
4932.Q0045 4932.YGR021W 0 0 0 0 0 0 428 428
4932.Q0045 4932.YPL172C 155 0 370 495 296 0 751 944
4932.Q0045 4932.YIR021W 0 0 0 0 0 0 769 769
4932.Q0045 4932.YJR144W 0 0 0 0 0 0 445 445
4932.Q0045 4932.YGL006W 0 0 0 50 0 0 179 187
4932.Q0045 4932.YLR038C 0 0 0 42 344 900 905 993
4932.Q0045 4932.YHR008C 0 0 0 56 0 0 409 419
4932.Q0045 4932.YGR244C 0 0 0 96 0 0 402 436
4932.Q0045 4932.YIL065C 0 0 0 0 0 0 171 171
4932.Q0045 4932.YDR119W-A 0 0 0 0 300 720 0 795
4932.Q0045 4932.YHR168W 0 0 0 0 0 0 445 445
4932.Q0045 4932.YCR053W 154 0 0 0 0 0 0 154
4932.Q0045 4932.YDL069C 0 0 0 0 0 0 551 551
4932.Q0045 4932.YOR020C 0 0 0 46 324 0 172 419
4932.Q0045 4932.YIL114C 0 0 0 0 0 0 158 158
4932.Q0045 4932.YNR074C 0 0 0 0 0 0 171 171
4932.Q0045 4932.YBL072C 0 0 0 0 0 0 322 322
4932.Q0045 4932.YMR244C-A 0 0 0 0 0 0 394 394
4932.Q0045 4932.YER154W 0 0 0 0 581 0 604 827
4932.Q0045 4932.YDR529C 0 0 0 54 71 900 375 937
4932.Q0045 4932.YIL157C 0 0 0 0 560 0 572 803
4932.Q0045 4932.YMR256C 0 0 0 0 808 900 876 997
4932.Q0045 4932.YLL009C 0 0 0 0 0 0 647 647
4932.Q0045 4932.YJL102W 0 0 0 50 0 0 233 240
4932.Q0045 4932.YNL213C 0 0 0 0 0 0 254 254
4932.Q0045 4932.YLR075W 0 0 0 49 0 0 188 195
4932.Q0045 4932.YHR026W 0 0 0 95 0 0 169 216
4932.Q0045 4932.YDR087C 0 0 0 0 0 0 154 154
4932.Q0045 4932.YDL202W 0 0 0 0 0 0 379 379
4932.Q0045 4932.YDL174C 0 0 0 0 0 0 183 183
4932.Q0045 4932.YGL236C 0 0 0 0 0 0 438 438
4932.Q0045 4932.YPL131W 0 0 0 0 0 0 313 313
4932.Q0045 4932.YPL029W 0 0 0 0 0 0 662 662
4932.Q0045 4932.YLR460C 0 0 0 0 0 0 182 182
4932.Q0045 4932.YJR115W 0 0 0 0 0 0 680 680
4932.Q0045 4932.YPL005W 0 0 0 0 0 0 683 683
4932.Q0045 4932.YPR001W 0 0 0 0 0 0 201 201
4932.Q0045 4932.YNL188W 0 0 0 0 0 0 317 317
4932.Q0045 4932.YOR232W 0 0 0 0 0 0 245 245
4932.Q0045 4932.YJL116C 0 0 0 0 0 0 220 220
4932.Q0045 4932.YJR048W 140 0 0 45 275 0 620 743
4932.Q0045 4932.YGR267C 150 0 0 55 0 0 47 167
4932.Q0045 4932.YEL039C 140 0 0 45 275 0 428 613
4932.Q0045 4932.YDL067C 0 0 0 0 324 900 876 990
4932.Q0045 4932.YBR227C 0 0 0 0 0 0 550 550
4932.Q0045 4932.YKL141W 0 0 0 207 84 0 298 445
4932.Q0045 4932.YLR239C 118 0 0 0 0 0 146 214
4932.Q0045 4932.YMR097C 0 0 0 0 0 0 276 276
4932.Q0045 4932.YGL064C 0 0 0 0 358 0 550 698
4932.Q0045 4932.YGR150C 0 0 0 0 0 0 674 674
4932.Q0045 4932.Q0075 0 0 0 172 0 0 872 889
4932.Q0045 4932.YOR358W 0 0 0 0 0 0 180 180
4932.Q0045 4932.Q0085 0 104 0 965 297 0 966 999
4932.Q0045 4932.YNL031C 0 0 0 0 0 0 190 190
4932.Q0045 4932.YMR302C 0 0 0 0 0 0 372 372
4932.Q0045 4932.YDR300C 0 0 0 0 197 0 0 197
4932.Q0045 4932.YCR005C 0 0 0 0 0 0 242 242
4932.Q0045 4932.YKL113C 0 0 0 0 0 0 191 191
4932.Q0045 4932.YBR269C 0 0 0 0 0 0 390 390
4932.Q0045 4932.YOL102C 0 0 0 0 0 0 276 276
4932.Q0045 4932.YLR395C 0 0 0 48 503 900 877 993
4932.Q0045 4932.YJL131C 0 0 0 0 0 0 374 374
4932.Q0045 4932.YFR032C-A 0 0 0 54 0 0 185 196
4932.Q0045 4932.YNL306W 0 0 0 49 0 0 185 191
4932.Q0045 4932.YKL049C 0 0 0 0 0 0 222 222
4932.Q0045 4932.YNL055C 0 0 0 0 0 0 237 237
4932.Q0045 4932.YML009C 0 0 0 48 0 0 194 199
4932.Q0045 4932.YBL030C 0 0 0 0 0 0 290 290
4932.Q0045 4932.YML129C 0 0 0 0 498 0 734 860
4932.Q0045 4932.YHL023C 0 0 0 78 0 0 118 152
4932.Q0045 4932.YDR462W 0 0 0 0 0 0 290 290
4932.Q0045 4932.YDR231C 0 0 0 52 296 0 293 487
4932.Q0045 4932.YLR259C 0 0 0 0 112 0 384 430
4932.Q0045 4932.YGL040C 0 0 0 47 0 0 213 217
4932.Q0045 4932.YEL050C 0 0 0 56 0 0 254 265
4932.Q0045 4932.YKL155C 0 0 0 0 0 0 616 616
4932.Q0045 4932.YDR375C 0 0 0 0 0 0 373 373
4932.Q0045 4932.YJR104C 0 0 0 0 0 0 318 318
4932.Q0045 4932.YBL099W 0 0 0 238 0 0 589 673
4932.Q0045 4932.YDL107W 0 0 0 0 0 0 290 290
4932.Q0045 4932.YGL107C 0 0 0 0 0 0 171 171
4932.Q0045 4932.YHR024C 54 0 0 0 252 0 119 322
4932.Q0045 4932.YPL262W 0 0 0 0 283 0 110 334
4932.Q0045 4932.YJL209W 0 0 0 0 0 0 448 448
4932.Q0045 4932.YGL246C 0 0 0 0 0 0 229 229
4932.Q0045 4932.YDR261C 0 0 0 0 0 0 171 171
4932.Q0045 4932.Q0255 0 0 0 103 0 0 207 258
4932.Q0045 4932.YGL191W 0 0 0 0 854 900 875 998
4932.Q0045 4932.Q0050 0 0 0 360 0 900 351 954
4932.Q0045 4932.YKL078W 0 0 0 0 0 0 196 196
4932.Q0045 4932.YDR298C 0 0 0 56 0 0 301 312
4932.Q0045 4932.YOR204W 0 0 0 0 0 0 195 195
4932.Q0045 4932.YJR119C 0 0 0 114 0 0 95 163
4932.Q0045 4932.YPL017C 0 0 0 95 0 0 110 160
4932.Q0045 4932.YKL208W 0 0 0 0 0 0 551 551
4932.Q0045 4932.YGR208W 150 0 0 42 0 0 0 150
4932.Q0045 4932.YBR044C 0 0 0 0 107 0 91 153
4932.Q0045 4932.YJR137C 0 0 0 0 0 0 161 161
4932.Q0045 4932.YDR376W 0 0 0 0 0 0 652 652
4932.Q0045 4932.YNR018W 0 0 0 0 808 0 441 888
4932.Q0045 4932.YBR185C 0 0 0 0 0 0 617 617
4932.Q0045 4932.YDR350C 0 0 0 0 0 0 698 698
4932.Q0045 4932.YKR016W 0 0 0 0 143 0 259 337
4932.Q0045 4932.YER058W 0 0 0 0 0 0 376 376
4932.Q0045 4932.YAL039C 0 0 0 0 0 0 194 194
4932.Q0045 4932.YDR047W 0 0 0 0 0 0 248 248
4932.Q0045 4932.YMR176W 0 0 0 114 0 0 95 163
4932.Q0045 4932.YDR178W 0 0 0 54 0 0 244 255
4932.Q0045 4932.YMR234W 145 0 0 0 0 0 60 161
4932.Q0045 4932.YLR142W 57 0 0 0 292 0 74 328
4932.Q0045 4932.YJR121W 0 0 0 114 0 0 209 269
4932.Q0045 4932.Q0060 0 0 119 199 0 540 228 716
4932.Q0045 4932.YDR050C 0 0 0 42 0 0 157 158
4932.Q0045 4932.YJL052W 0 0 0 47 0 0 157 162
4932.Q0045 4932.YGR192C 0 0 0 47 0 0 155 160
4932.Q0045 4932.YGR174C 0 0 0 0 0 0 363 363
4932.Q0045 4932.Q0105 102 363 0 918 463 900 950 999
4932.Q0045 4932.YML091C 0 0 0 0 0 0 572 572
4932.Q0045 4932.YGR222W 0 0 0 0 585 0 697 868
4932.Q0045 4932.YGR112W 155 0 0 114 339 0 795 885
4932.Q0045 4932.YOR354C 0 0 0 0 0 0 171 171
4932.Q0045 4932.YKR087C 0 0 0 0 0 0 658 658
4932.Q0045 4932.YBR109C 0 0 0 0 0 0 165 165
4932.Q0045 4932.YNL052W 0 0 0 46 371 900 880 991
4932.Q0045 4932.YKL067W 0 0 0 140 0 0 230 309
4932.Q0045 4932.YDR296W 0 0 0 0 0 0 334 334
4932.Q0045 4932.YOL096C 0 0 0 0 0 0 165 165
4932.Q0045 4932.YGR088W 0 0 0 0 0 0 201 201
4932.Q0045 4932.YJR113C 0 0 0 76 0 0 379 401
4932.Q0045 4932.YML120C 0 0 0 0 0 900 276 924
4932.Q0045 4932.YHL038C 0 0 0 0 0 0 619 619
4932.Q0045 4932.YHR001W-A 0 0 0 0 0 900 363 933
4932.Q0045 4932.YLR049C 0 0 0 0 0 0 194 194
4932.Q0045 4932.YPR155C 0 0 0 0 0 0 482 482
4932.Q0045 4932.YOR323C 0 0 0 0 197 0 0 197
4932.Q0045 4932.YOR158W 0 0 0 0 0 0 196 196
4932.Q0045 4932.YCL017C 143 0 0 54 590 0 75 651
4932.Q0045 4932.YGL068W 0 0 0 46 0 0 445 448
4932.Q0045 4932.YPR134W 0 0 0 0 0 0 632 632
4932.Q0045 4932.YFR039C 0 0 0 0 0 0 297 297
4932.Q0045 4932.YDR263C 0 0 0 0 0 0 217 217
4932.Q0045 4932.YKL053C-A 0 0 0 0 0 0 170 170
4932.Q0045 4932.YBR039W 0 0 0 95 0 0 242 285
4932.Q0045 4932.YFL036W 0 0 0 0 0 0 754 754
4932.Q0045 4932.YKR049C 0 0 0 0 0 0 228 228
4932.Q0045 4932.YKR058W 0 0 0 0 0 0 151 151
4932.Q0045 4932.YMR228W 0 0 0 0 0 0 454 454
4932.Q0045 4932.YDL044C 0 0 0 0 581 0 808 916
4932.Q0045 4932.Q0130 0 0 0 283 0 0 901 926
4932.Q0045 4932.YJR009C 0 0 0 47 0 0 176 181
4932.Q0045 4932.YGL226W 0 0 0 46 108 540 76 589
4932.Q0045 4932.YLR348C 0 0 0 0 210 0 92 252
4932.Q0045 4932.YBR120C 0 0 0 0 0 0 355 355
4932.Q0045 4932.YMR024W 0 0 0 44 0 0 179 181
4932.Q0045 4932.YGR033C 0 0 0 0 360 0 55 370
4932.Q0045 4932.Q0080 0 0 0 121 0 0 799 815
4932.Q0045 4932.YIL111W 0 0 0 46 345 720 879 976
4932.Q0045 4932.YER053C 0 0 0 0 0 0 169 169
4932.Q0045 4932.YGL187C 0 0 0 50 854 900 889 998
4932.Q0045 4932.YML125C 0 0 0 0 0 0 150 150
4932.Q0045 4932.Q0115 102 0 0 507 268 0 820 934
4932.Q0050 4932.YMR262W 0 0 0 0 0 0 167 167
4932.Q0050 4932.YBL045C 0 0 0 0 0 900 0 900
4932.Q0050 4932.YIR021W 0 0 0 0 0 0 537 537
4932.Q0050 4932.YPL172C 0 0 0 0 0 0 162 162
4932.Q0050 4932.YLR038C 0 0 0 0 0 900 54 901
4932.Q0050 4932.YIL021W 0 0 0 46 0 0 230 234
4932.Q0050 4932.YPL132W 0 0 0 0 0 0 180 180
4932.Q0050 4932.YJR070C 169 0 0 0 0 0 0 169
4932.Q0050 4932.YDR529C 0 0 0 0 0 900 0 900
4932.Q0050 4932.Q0250 0 0 0 143 0 900 699 971
4932.Q0050 4932.YMR256C 0 0 0 0 0 900 0 900
4932.Q0050 4932.YJR010W 0 0 0 0 0 0 311 311
4932.Q0050 4932.YMR145C 0 0 0 0 0 900 0 900
4932.Q0050 4932.YJR063W 0 0 0 0 0 0 446 446
4932.Q0050 4932.YOR065W 0 0 0 0 0 900 0 900
4932.Q0050 4932.YPR166C 0 0 0 53 0 0 301 309
4932.Q0050 4932.YOR350C 0 0 0 0 0 0 436 436
4932.Q0050 4932.YLR382C 0 0 0 0 0 0 295 295
4932.Q0050 4932.YPL131W 0 0 0 0 0 0 161 161
4932.Q0050 4932.YPL029W 0 0 0 0 0 0 523 523
4932.Q0050 4932.YDR125C 0 0 0 0 0 0 256 256
4932.Q0050 4932.YJR115W 0 0 0 0 0 0 532 532
4932.Q0050 4932.YNL188W 0 0 0 0 0 0 171 171
4932.Q0050 4932.YER095W 0 0 0 0 0 0 319 319
4932.Q0050 4932.YER179W 0 0 0 0 0 0 174 174
4932.Q0050 4932.YPR110C 0 0 0 46 0 0 252 256
4932.Q0050 4932.YOL058W 0 0 0 0 0 0 168 168
4932.Q0050 4932.YNL090W 0 0 0 0 0 0 275 275
4932.Q0050 4932.YOR074C 0 0 0 0 75 0 191 219
4932.Q0050 4932.YDL067C 0 0 0 0 0 900 0 900
4932.Q0050 4932.YDL085W 0 0 0 0 0 900 0 900
4932.Q0050 4932.YOR095C 0 0 0 0 0 0 349 349
4932.Q0050 4932.Q0075 0 0 0 104 0 0 618 643
4932.Q0050 4932.Q0085 0 0 0 289 0 0 765 826
4932.Q0050 4932.YDR206W 0 0 0 0 0 0 483 483
4932.Q0050 4932.YBR256C 0 0 0 0 0 0 530 530
4932.Q0050 4932.YBL038W 0 0 0 77 0 0 134 166
4932.Q0050 4932.YLR395C 0 0 0 0 0 900 0 900
4932.Q0050 4932.YNR037C 0 0 0 51 0 0 318 325
4932.Q0050 4932.Q0045 0 0 0 360 0 900 351 954
4932.Q0050 4932.YMR099C 0 0 0 0 0 0 220 220
4932.Q0050 4932.Q0070 0 0 0 300 0 0 111 351
4932.Q0050 4932.YPR191W 0 0 0 0 0 900 0 900
4932.Q0050 4932.YGL234W 150 0 0 0 0 0 0 150
4932.Q0050 4932.YEL050C 0 0 0 57 0 0 310 321
4932.Q0050 4932.YBL099W 0 0 0 77 0 0 332 357
4932.Q0050 4932.YJR035W 63 0 0 0 0 0 301 317
4932.Q0050 4932.Q0255 0 0 0 140 0 0 613 652
4932.Q0050 4932.YGL191W 0 0 0 0 0 900 46 900
4932.Q0050 4932.Q0065 0 0 0 259 0 0 351 498
4932.Q0050 4932.YNL012W 0 0 0 0 0 0 334 334
4932.Q0050 4932.YOR204W 0 0 0 0 0 0 155 155
4932.Q0050 4932.YLR299W 0 0 0 0 0 0 209 209
4932.Q0050 4932.Q0110 0 0 0 301 0 0 901 928
4932.Q0050 4932.YNL178W 0 0 0 56 0 0 457 465
4932.Q0050 4932.YFR033C 0 0 0 0 0 900 0 900
4932.Q0050 4932.Q0055 0 0 73 123 0 0 113 216
4932.Q0050 4932.YPL054W 0 0 0 0 0 0 376 376
4932.Q0050 4932.YDR047W 0 0 0 0 0 0 230 230
4932.Q0050 4932.Q0060 0 0 0 303 0 0 309 498
4932.Q0050 4932.YER142C 0 0 0 0 273 0 109 324
4932.Q0050 4932.YJL052W 0 0 0 0 0 0 191 191
4932.Q0050 4932.YGR192C 0 0 0 0 0 0 191 191
4932.Q0050 4932.Q0105 0 0 0 384 0 900 659 977
4932.Q0050 4932.YPL245W 154 0 0 0 0 0 0 154
4932.Q0050 4932.YGR222W 0 0 0 0 0 0 445 445
4932.Q0050 4932.YNL052W 0 0 0 0 0 900 46 900
4932.Q0050 4932.YAR015W 0 0 0 0 0 0 432 432
4932.Q0050 4932.YDR194C 0 0 0 0 0 0 816 816
4932.Q0050 4932.YJR113C 0 0 0 56 0 0 206 218
4932.Q0050 4932.YML120C 0 0 0 0 0 900 0 900
4932.Q0050 4932.YPR140W 0 0 0 0 662 0 0 662
4932.Q0050 4932.YIR034C 0 0 0 0 0 0 457 457
4932.Q0050 4932.YHR051W 0 0 0 0 0 900 90 905
4932.Q0050 4932.Q0140 0 0 0 99 0 0 194 242
4932.Q0050 4932.YHR001W-A 0 0 0 0 0 900 0 900
4932.Q0050 4932.YJL166W 0 0 0 0 0 900 0 900
4932.Q0050 4932.YMR217W 140 0 0 0 0 0 113 204
4932.Q0050 4932.YNR036C 0 0 0 47 0 0 233 237
4932.Q0050 4932.YML050W 0 0 0 0 0 0 159 159
4932.Q0050 4932.YPR010C 0 0 0 0 0 0 190 190
4932.Q0050 4932.YPL097W 0 0 0 0 0 0 290 290
4932.Q0050 4932.YOR207C 0 0 0 0 0 0 190 190
4932.Q0050 4932.Q0275 0 0 0 263 0 900 528 962
4932.Q0050 4932.Q0120 0 0 0 258 0 900 842 987
4932.Q0050 4932.YFL036W 0 0 0 0 0 0 236 236
4932.Q0050 4932.YMR228W 0 0 0 0 0 0 468 468
4932.Q0050 4932.YMR190C 169 0 0 0 0 0 0 169
4932.Q0050 4932.YOR151C 0 0 0 0 0 0 190 190
4932.Q0050 4932.YJL046W 0 0 0 0 0 0 183 183
4932.Q0050 4932.YFR031C-A 0 0 0 52 0 0 170 179
4932.Q0050 4932.Q0130 0 0 0 148 0 0 617 660
4932.Q0050 4932.YDL044C 0 0 0 0 0 0 513 513
4932.Q0050 4932.YJR009C 0 0 0 0 0 0 191 191
4932.Q0050 4932.YIL018W 0 0 0 52 0 0 170 179
4932.Q0050 4932.YBL055C 0 0 0 0 0 0 167 167
4932.Q0050 4932.YJL213W 0 0 0 49 0 0 188 194
4932.Q0050 4932.YOR330C 170 0 0 0 0 0 579 636
4932.Q0050 4932.YEL024W 0 0 0 0 0 900 60 901
4932.Q0050 4932.YAL024C 0 0 0 0 662 0 0 662
4932.Q0050 4932.YGR183C 0 0 0 0 0 900 0 900
4932.Q0050 4932.YMR288W 0 0 0 0 0 0 181 181
4932.Q0050 4932.YGL187C 0 0 0 0 0 900 80 904
4932.Q0050 4932.YBR038W 0 0 0 0 0 0 159 159
4932.Q0050 4932.Q0115 0 0 0 258 0 0 828 867
4932.Q0055 4932.YMR262W 0 0 0 0 0 0 167 167
4932.Q0055 4932.YIR021W 0 0 0 0 0 0 272 272
4932.Q0055 4932.YIL021W 0 0 0 46 0 0 229 233
4932.Q0055 4932.YDL033C 0 0 0 0 0 0 252 252
4932.Q0055 4932.YJR070C 169 0 0 0 0 0 0 169
4932.Q0055 4932.Q0250 0 0 0 143 0 0 708 739
4932.Q0055 4932.YJR010W 0 0 0 0 0 0 311 311
4932.Q0055 4932.YOR205C 0 0 0 0 0 0 539 539
4932.Q0055 4932.YJR063W 0 0 0 0 0 0 617 617
4932.Q0055 4932.YPR166C 0 0 0 53 0 0 301 309
4932.Q0055 4932.YGL236C 0 0 0 0 0 0 210 210
4932.Q0055 4932.YPL029W 0 0 0 0 0 0 281 281
4932.Q0055 4932.YJR115W 0 0 0 0 0 0 514 514
4932.Q0055 4932.YDR461W 0 0 0 0 0 0 680 680
4932.Q0055 4932.YPR073C 0 0 0 0 0 0 788 788
4932.Q0055 4932.YER095W 0 0 0 0 0 0 319 319
4932.Q0055 4932.YER179W 0 0 0 0 0 0 171 171
4932.Q0055 4932.YPR110C 0 0 0 46 0 0 220 224
4932.Q0055 4932.YOL058W 0 0 0 0 0 0 165 165
4932.Q0055 4932.YNL090W 0 0 0 0 0 0 254 254
4932.Q0055 4932.YOR074C 0 0 0 0 75 0 167 196
4932.Q0055 4932.YOR095C 0 0 0 0 0 0 351 351
4932.Q0055 4932.Q0085 0 0 0 253 0 0 814 855
4932.Q0055 4932.YDR206W 0 0 0 0 0 0 446 446
4932.Q0055 4932.YBR256C 0 0 0 0 0 0 392 392
4932.Q0055 4932.YBL038W 0 0 0 77 0 0 134 166
4932.Q0055 4932.YNR037C 0 0 0 51 0 0 318 325
4932.Q0055 4932.Q0045 0 0 0 309 0 0 326 515
4932.Q0055 4932.YML129C 0 0 0 0 0 0 394 394
4932.Q0055 4932.YMR099C 0 0 0 0 0 0 195 195
4932.Q0055 4932.YER043C 0 0 0 0 0 0 263 263
4932.Q0055 4932.Q0070 0 0 0 411 0 0 107 451
4932.Q0055 4932.YEL021W 0 0 0 0 0 0 171 171
4932.Q0055 4932.YGL234W 150 0 0 0 0 0 0 150
4932.Q0055 4932.YEL050C 0 0 0 57 0 0 310 321
4932.Q0055 4932.YBL099W 0 0 0 77 0 0 330 355
4932.Q0055 4932.YJR035W 63 0 0 0 0 0 301 317
4932.Q0055 4932.Q0255 0 0 0 140 0 0 613 652
4932.Q0055 4932.Q0050 0 0 73 123 0 0 113 216
4932.Q0055 4932.Q0065 0 0 0 282 0 0 295 472
4932.Q0055 4932.YNL012W 0 0 0 0 0 0 309 309
4932.Q0055 4932.YOR204W 0 0 0 0 0 0 397 397
4932.Q0055 4932.YLR299W 0 0 0 0 0 0 340 340
4932.Q0055 4932.Q0110 0 0 0 258 0 0 852 885
4932.Q0055 4932.YNL178W 0 0 0 56 0 0 455 463
4932.Q0055 4932.YPL054W 0 0 0 0 0 0 681 681
4932.Q0055 4932.YDR047W 0 0 0 0 0 0 230 230
4932.Q0055 4932.Q0060 0 0 0 341 0 0 92 376
4932.Q0055 4932.YJL052W 0 0 0 0 0 0 250 250
4932.Q0055 4932.YER168C 0 0 0 0 0 0 335 335
4932.Q0055 4932.YGR192C 0 0 0 0 0 0 239 239
4932.Q0055 4932.Q0105 0 0 0 321 0 0 718 800
4932.Q0055 4932.YPL245W 154 0 0 0 0 0 0 154
4932.Q0055 4932.YOR334W 0 0 0 0 0 0 285 285
4932.Q0055 4932.YAR015W 0 0 0 0 0 0 462 462
4932.Q0055 4932.YDR194C 0 0 0 0 0 0 844 844
4932.Q0055 4932.YER100W 0 0 0 0 0 0 227 227
4932.Q0055 4932.YJR113C 0 0 0 56 0 0 194 206
4932.Q0055 4932.YIR034C 0 0 0 0 0 0 537 537
4932.Q0055 4932.Q0140 0 0 0 0 0 0 309 309
4932.Q0055 4932.YMR217W 140 0 0 0 0 0 113 204
4932.Q0055 4932.YNR036C 0 0 0 47 0 0 233 237
4932.Q0055 4932.YPR010C 0 0 0 0 0 0 190 190
4932.Q0055 4932.YPL097W 0 0 0 0 0 0 270 270
4932.Q0055 4932.YLR204W 0 0 0 0 0 0 612 612
4932.Q0055 4932.YPR134W 0 0 0 0 0 0 275 275
4932.Q0055 4932.YOR207C 0 0 0 0 0 0 190 190
4932.Q0055 4932.Q0275 0 0 0 263 0 0 528 637
4932.Q0055 4932.Q0120 0 0 0 258 0 0 804 848
4932.Q0055 4932.YFL036W 0 0 0 0 0 0 236 236
4932.Q0055 4932.YMR228W 0 0 0 0 0 0 468 468
4932.Q0055 4932.YMR190C 169 0 0 0 0 0 0 169
4932.Q0055 4932.YOR151C 0 0 0 0 0 0 200 200
4932.Q0055 4932.YGR061C 0 0 0 0 0 0 228 228
4932.Q0055 4932.YFR031C-A 0 0 0 52 0 0 170 179
4932.Q0055 4932.Q0130 0 0 0 150 0 0 743 772
4932.Q0055 4932.YDL044C 0 0 0 0 0 0 376 376
4932.Q0055 4932.YJR009C 0 0 0 0 0 0 250 250
4932.Q0055 4932.YIL018W 0 0 0 52 0 0 170 179
4932.Q0055 4932.YKL192C 0 0 0 0 0 0 166 166
4932.Q0055 4932.YBL055C 0 0 0 0 0 0 167 167
4932.Q0055 4932.YJL213W 0 0 0 49 0 0 188 194
4932.Q0055 4932.YOR330C 170 0 0 0 0 0 580 636
4932.Q0055 4932.YMR288W 0 0 0 0 0 0 181 181
4932.Q0055 4932.YGL187C 0 0 0 0 271 0 73 295
4932.Q0055 4932.Q0115 0 0 0 258 0 0 786 834
4932.Q0060 4932.YBR118W 0 0 0 0 0 0 307 307
4932.Q0060 4932.YEL027W 0 0 0 95 0 0 119 168
4932.Q0060 4932.YML021C 0 0 0 0 0 0 167 167
4932.Q0060 4932.YJR051W 0 0 0 140 0 0 117 208
4932.Q0060 4932.YPL132W 155 0 351 121 0 0 439 693
4932.Q0060 4932.YDL033C 0 0 0 0 0 0 230 230
4932.Q0060 4932.Q0250 155 4 439 881 519 540 536 992
4932.Q0060 4932.YOR065W 0 0 0 49 0 540 234 635
4932.Q0060 4932.YFL018C 0 0 0 95 0 0 110 160
4932.Q0060 4932.YEL047C 0 0 0 140 0 0 117 208
4932.Q0060 4932.YDR256C 0 0 0 0 0 0 171 171
4932.Q0060 4932.YPR166C 0 0 0 77 0 0 159 190
4932.Q0060 4932.YJR123W 0 0 0 76 0 0 137 168
4932.Q0060 4932.YBR179C 0 0 0 0 0 0 217 217
4932.Q0060 4932.YGL058W 0 0 0 0 0 0 269 269
4932.Q0060 4932.YDR158W 0 0 0 0 0 0 177 177
4932.Q0060 4932.YNR001C 0 0 0 0 0 0 195 195
4932.Q0060 4932.YOR033C 0 0 0 0 0 0 169 169
4932.Q0060 4932.YDR064W 0 0 0 0 0 0 169 169
4932.Q0060 4932.YIL020C 0 0 0 0 0 0 303 303
4932.Q0060 4932.YBR010W 0 0 0 0 0 0 190 190
4932.Q0060 4932.YPR035W 0 0 0 0 0 0 190 190
4932.Q0060 4932.YPL249C-A 0 0 0 0 0 0 785 785
4932.Q0060 4932.YGR082W 0 0 0 48 0 0 191 196
4932.Q0060 4932.YJL045W 0 0 0 140 0 0 260 336
4932.Q0060 4932.YBL038W 0 0 0 76 0 0 138 169
4932.Q0060 4932.YNR037C 0 0 0 46 0 0 220 224
4932.Q0060 4932.Q0160 0 0 0 100 0 0 540 568
4932.Q0060 4932.YER141W 155 0 0 94 0 0 249 374
4932.Q0060 4932.Q0070 0 0 118 123 0 540 0 613
4932.Q0060 4932.YPR191W 54 0 0 42 283 540 441 802
4932.Q0060 4932.YLR333C 0 0 0 0 0 0 301 301
4932.Q0060 4932.YER102W 0 0 0 0 0 0 309 309
4932.Q0060 4932.YOL114C 0 0 0 42 0 0 365 365
4932.Q0060 4932.YPL091W 0 0 0 95 0 0 110 160
4932.Q0060 4932.Q0065 0 0 126 99 0 540 0 606
4932.Q0060 4932.Q0110 102 0 247 536 268 0 277 803
4932.Q0060 4932.YLR281C 0 0 0 0 0 0 258 258
4932.Q0060 4932.YLR163C 54 0 0 0 252 540 109 671
4932.Q0060 4932.YNL178W 0 0 0 78 0 0 311 337
4932.Q0060 4932.YFR033C 0 0 0 49 0 540 45 545
4932.Q0060 4932.Q0055 0 0 0 341 0 0 92 376
4932.Q0060 4932.YMR118C 0 0 0 207 0 0 164 308
4932.Q0060 4932.YPR080W 0 0 0 0 0 0 307 307
4932.Q0060 4932.YGL143C 0 0 0 0 0 0 227 227
4932.Q0060 4932.YBR024W 140 0 0 57 0 0 310 391
4932.Q0060 4932.YMR110C 0 0 0 42 0 0 194 194
4932.Q0060 4932.YHR051W 0 0 0 52 442 540 246 791
4932.Q0060 4932.YJL166W 0 0 0 52 494 540 0 760
4932.Q0060 4932.YNR036C 0 0 0 55 0 0 191 202
4932.Q0060 4932.YPL234C 0 0 0 95 0 0 119 168
4932.Q0060 4932.Q0275 155 0 444 885 519 540 536 993
4932.Q0060 4932.Q0120 102 0 268 507 268 0 277 797
4932.Q0060 4932.YPL215W 0 0 0 0 0 0 175 175
4932.Q0060 4932.YKL148C 0 0 0 140 0 0 260 336
4932.Q0060 4932.YOR151C 0 0 0 0 0 0 294 294
4932.Q0060 4932.YDR019C 0 0 0 0 0 0 193 193
4932.Q0060 4932.YOR330C 0 0 0 0 0 0 220 220
4932.Q0060 4932.YEL024W 155 0 0 56 300 540 268 777
4932.Q0060 4932.YBL057C 154 0 0 0 0 0 0 154
4932.Q0060 4932.YIL125W 0 0 0 258 0 0 118 317
4932.Q0060 4932.YGR027C 0 0 0 0 0 0 301 301
4932.Q0060 4932.YGR183C 0 0 0 48 300 540 45 668
4932.Q0060 4932.YLL041C 0 0 0 147 0 0 429 492
4932.Q0060 4932.YBL080C 0 0 0 0 0 0 309 309
4932.Q0060 4932.YBR037C 140 0 0 57 0 0 311 392
4932.Q0060 4932.YLR241W 0 0 0 0 0 0 250 250
4932.Q0060 4932.YBL045C 54 0 0 0 252 540 74 658
4932.Q0060 4932.YGR021W 0 0 0 0 0 0 428 428
4932.Q0060 4932.YPL172C 155 0 0 495 0 0 249 651
4932.Q0060 4932.YGL006W 0 0 0 50 0 0 178 185
4932.Q0060 4932.YLR038C 0 0 0 42 106 540 273 675
4932.Q0060 4932.YHR008C 0 0 0 56 0 0 194 206
4932.Q0060 4932.YGR244C 0 0 0 96 0 0 192 238
4932.Q0060 4932.YIL065C 0 0 0 0 0 0 171 171
4932.Q0060 4932.YDR119W-A 0 0 0 0 0 540 0 540
4932.Q0060 4932.YCR053W 154 0 0 0 0 0 0 154
4932.Q0060 4932.YOR020C 0 0 0 46 0 0 172 176
4932.Q0060 4932.YIL114C 0 0 0 0 0 0 158 158
4932.Q0060 4932.YNR074C 0 0 0 0 0 0 171 171
4932.Q0060 4932.YBL072C 0 0 0 0 0 0 309 309
4932.Q0060 4932.YDR529C 0 0 0 54 71 540 60 569
4932.Q0060 4932.YMR256C 0 0 0 0 0 540 0 540
4932.Q0060 4932.YLL009C 0 0 0 0 0 0 441 441
4932.Q0060 4932.YLR075W 0 0 0 49 0 0 187 193
4932.Q0060 4932.YHR026W 0 0 0 95 0 0 119 168
4932.Q0060 4932.YPL131W 0 0 0 0 0 0 313 313
4932.Q0060 4932.YPL029W 0 0 0 0 0 0 169 169
4932.Q0060 4932.YPR001W 0 0 0 0 0 0 195 195
4932.Q0060 4932.YJR048W 140 0 0 45 275 0 428 613
4932.Q0060 4932.YGR267C 150 0 0 55 0 0 47 167
4932.Q0060 4932.YEL039C 140 0 0 45 275 0 428 613
4932.Q0060 4932.YDL067C 0 0 0 0 0 540 0 540
4932.Q0060 4932.YKL141W 0 0 0 207 0 0 164 308
4932.Q0060 4932.Q0075 0 0 0 173 0 0 0 173
4932.Q0060 4932.YGR150C 0 0 0 0 0 0 152 152
4932.Q0060 4932.YOR358W 0 0 0 0 0 0 177 177
4932.Q0060 4932.Q0085 0 0 0 605 0 0 536 809
4932.Q0060 4932.YNL031C 0 0 0 0 0 0 190 190
4932.Q0060 4932.YDL185W 0 0 0 0 0 0 292 292
4932.Q0060 4932.YCR005C 0 0 0 0 0 0 195 195
4932.Q0060 4932.YKL113C 0 0 0 0 0 0 191 191
4932.Q0060 4932.YLR395C 0 0 0 48 296 540 53 668
4932.Q0060 4932.YFR032C-A 0 0 0 54 0 0 185 196
4932.Q0060 4932.Q0045 0 0 119 199 0 540 228 716
4932.Q0060 4932.YKL049C 0 0 0 0 0 0 190 190
4932.Q0060 4932.YNL055C 0 0 0 0 0 0 158 158
4932.Q0060 4932.YLR259C 0 0 0 0 112 0 137 200
4932.Q0060 4932.YGL040C 0 0 0 47 0 0 192 197
4932.Q0060 4932.YEL050C 0 0 0 56 0 0 254 265
4932.Q0060 4932.YKL155C 0 0 0 0 0 0 173 173
4932.Q0060 4932.YJR104C 0 0 0 0 0 0 191 191
4932.Q0060 4932.YBL099W 0 0 0 238 0 0 428 545
4932.Q0060 4932.YMR194W 0 0 0 0 0 0 790 790
4932.Q0060 4932.YHR024C 54 0 0 0 252 0 74 287
4932.Q0060 4932.YGL246C 0 0 0 0 0 0 229 229
4932.Q0060 4932.Q0050 0 0 0 303 0 0 309 498
4932.Q0060 4932.YGL191W 0 0 0 0 271 540 46 652
4932.Q0060 4932.YDR298C 0 0 0 56 0 0 193 205
4932.Q0060 4932.YJR119C 0 0 0 114 0 0 95 163
4932.Q0060 4932.YPL017C 0 0 0 95 0 0 110 160
4932.Q0060 4932.YGR208W 150 0 0 42 0 0 0 150
4932.Q0060 4932.YBR044C 0 0 0 0 107 0 91 153
4932.Q0060 4932.YFL037W 0 0 0 0 0 0 196 196
4932.Q0060 4932.YJR137C 0 0 0 0 0 0 161 161
4932.Q0060 4932.YKR016W 0 0 0 0 143 0 259 337
4932.Q0060 4932.YDR047W 0 0 0 0 0 0 248 248
4932.Q0060 4932.YMR176W 0 0 0 114 0 0 95 163
4932.Q0060 4932.YMR234W 145 0 0 0 0 0 60 161
4932.Q0060 4932.YJR121W 0 0 0 114 0 0 151 215
4932.Q0060 4932.Q0105 102 0 283 549 268 540 411 929
4932.Q0060 4932.YGR112W 155 0 0 114 0 0 262 399
4932.Q0060 4932.YNL052W 0 0 0 46 108 540 76 589
4932.Q0060 4932.YGR088W 0 0 0 0 0 0 171 171
4932.Q0060 4932.YJR113C 0 0 0 76 0 0 137 168
4932.Q0060 4932.YHR001W-A 0 0 0 0 0 540 0 540
4932.Q0060 4932.YCL017C 143 0 0 54 0 0 0 154
4932.Q0060 4932.YGL068W 0 0 0 46 0 0 309 312
4932.Q0060 4932.YDR263C 0 0 0 0 0 0 169 169
4932.Q0060 4932.YKL053C-A 0 0 0 0 0 0 157 157
4932.Q0060 4932.YBR039W 0 0 0 95 0 0 134 182
4932.Q0060 4932.YFL036W 0 0 0 0 0 0 258 258
4932.Q0060 4932.Q0130 0 0 0 95 0 0 429 461
4932.Q0060 4932.YGL226W 0 0 0 46 108 540 76 589
4932.Q0060 4932.YMR024W 0 0 0 44 0 0 179 181
4932.Q0060 4932.YIL111W 0 0 0 46 108 540 76 589
4932.Q0060 4932.YGL187C 0 0 0 50 445 540 128 760
4932.Q0060 4932.Q0115 102 0 259 507 268 0 277 794
4932.Q0065 4932.YBR118W 0 0 0 0 0 0 307 307
4932.Q0065 4932.YLL024C 0 0 0 0 0 0 400 400
4932.Q0065 4932.YGR062C 0 0 0 0 0 0 171 171
4932.Q0065 4932.YEL027W 0 0 0 95 0 0 119 168
4932.Q0065 4932.YIL022W 0 0 0 0 0 0 552 552
4932.Q0065 4932.YML021C 0 0 0 0 0 0 167 167
4932.Q0065 4932.YJR051W 0 0 0 140 0 0 117 208
4932.Q0065 4932.YPL132W 155 0 0 121 0 0 473 574
4932.Q0065 4932.YDL033C 0 0 0 0 0 0 230 230
4932.Q0065 4932.YLR008C 0 0 0 0 0 0 368 368
4932.Q0065 4932.Q0250 155 285 424 881 519 540 698 996
4932.Q0065 4932.YNR045W 0 0 0 0 0 0 169 169
4932.Q0065 4932.YOR065W 0 0 0 49 0 540 234 635
4932.Q0065 4932.YFL018C 0 0 0 95 0 0 110 160
4932.Q0065 4932.YEL047C 0 0 0 140 0 0 117 208
4932.Q0065 4932.YDR256C 0 0 0 0 0 0 171 171
4932.Q0065 4932.YPR166C 0 0 0 77 0 0 159 190
4932.Q0065 4932.YJR123W 0 0 0 76 0 0 137 168
4932.Q0065 4932.YBR179C 0 0 0 0 0 0 217 217
4932.Q0065 4932.YLR067C 0 0 0 0 0 0 713 713
4932.Q0065 4932.YGL058W 0 0 0 0 0 0 269 269
4932.Q0065 4932.YOR350C 0 0 0 0 0 0 571 571
4932.Q0065 4932.YBL013W 0 0 0 0 0 0 261 261
4932.Q0065 4932.Q0092 0 0 0 0 0 0 394 394
4932.Q0065 4932.YLR382C 0 0 0 0 0 0 347 347
4932.Q0065 4932.YDR158W 0 0 0 0 0 0 177 177
4932.Q0065 4932.YNR001C 0 0 0 0 0 0 195 195
4932.Q0065 4932.YOR033C 0 0 0 0 0 0 169 169
4932.Q0065 4932.YMR064W 0 0 0 0 0 0 374 374
4932.Q0065 4932.YPL106C 0 0 0 0 0 0 431 431
4932.Q0065 4932.YDR064W 0 0 0 0 0 0 169 169
4932.Q0065 4932.YOR266W 0 0 0 0 0 0 258 258
4932.Q0065 4932.YBR010W 0 0 0 0 0 0 190 190
4932.Q0065 4932.YPR035W 0 0 0 0 0 0 190 190
4932.Q0065 4932.YGR082W 0 0 0 48 0 0 191 196
4932.Q0065 4932.YJL045W 0 0 0 140 0 0 260 336
4932.Q0065 4932.YBL038W 0 0 0 76 0 0 138 169
4932.Q0065 4932.YMR282C 0 0 0 0 0 0 276 276
4932.Q0065 4932.YNR037C 0 0 0 46 0 0 220 224
4932.Q0065 4932.Q0160 0 0 0 0 0 0 790 790
4932.Q0065 4932.YJL208C 0 0 0 96 0 0 140 189
4932.Q0065 4932.YER141W 155 0 0 94 0 0 635 696
4932.Q0065 4932.Q0070 0 0 70 872 0 540 0 940
4932.Q0065 4932.YPR191W 54 0 0 42 283 540 441 802
4932.Q0065 4932.YEL021W 91 0 0 0 0 0 148 192
4932.Q0065 4932.YLR333C 0 0 0 0 0 0 301 301
4932.Q0065 4932.YER103W 0 0 0 0 0 0 443 443
4932.Q0065 4932.YMR257C 0 0 0 0 0 0 396 396
4932.Q0065 4932.YER102W 0 0 0 0 0 0 309 309
4932.Q0065 4932.YAL043C 0 0 0 0 0 0 186 186
4932.Q0065 4932.YOL114C 0 0 0 42 0 0 365 365
4932.Q0065 4932.YHR064C 0 0 0 0 0 0 443 443
4932.Q0065 4932.YPL091W 0 0 0 95 0 0 110 160
4932.Q0065 4932.Q0110 102 0 0 507 268 0 277 734
4932.Q0065 4932.YLR281C 0 0 0 0 0 0 258 258
4932.Q0065 4932.YLR163C 54 0 0 0 252 540 109 671
4932.Q0065 4932.YNL178W 0 0 0 78 0 0 311 337
4932.Q0065 4932.YFR033C 0 0 0 49 0 540 45 545
4932.Q0065 4932.Q0055 0 0 0 282 0 0 295 472
4932.Q0065 4932.YNL209W 0 0 0 0 0 0 443 443
4932.Q0065 4932.YMR118C 0 0 0 207 0 0 164 308
4932.Q0065 4932.YJL034W 0 0 0 0 0 0 384 384
4932.Q0065 4932.YPR080W 0 0 0 0 0 0 307 307
4932.Q0065 4932.YGL143C 0 0 0 0 0 0 227 227
4932.Q0065 4932.YBL075C 0 0 0 0 0 0 431 431
4932.Q0065 4932.YBR024W 140 0 0 57 0 0 310 391
4932.Q0065 4932.YDR194C 0 0 0 0 0 0 400 400
4932.Q0065 4932.YMR110C 0 0 0 42 0 0 194 194
4932.Q0065 4932.YHR051W 0 0 0 52 442 540 292 804
4932.Q0065 4932.Q0140 0 0 0 0 0 0 652 652
4932.Q0065 4932.YJL166W 0 0 0 52 494 540 0 760
4932.Q0065 4932.YNR036C 0 0 0 55 0 0 191 202
4932.Q0065 4932.YPL234C 0 0 0 95 0 0 119 168
4932.Q0065 4932.Q0275 155 42 401 882 519 540 536 992
4932.Q0065 4932.Q0120 102 0 0 507 268 0 169 694
4932.Q0065 4932.YLR203C 0 0 0 0 0 0 448 448
4932.Q0065 4932.YPL215W 0 0 0 0 0 0 175 175
4932.Q0065 4932.YFL016C 0 0 0 0 0 0 368 368
4932.Q0065 4932.YKL148C 0 0 0 140 0 0 260 336
4932.Q0065 4932.YOR151C 0 0 0 0 0 0 294 294
4932.Q0065 4932.YDR019C 0 0 0 0 0 0 193 193
4932.Q0065 4932.YOR330C 0 0 0 0 0 0 220 220
4932.Q0065 4932.YEL024W 155 0 0 56 300 540 268 777
4932.Q0065 4932.YBL057C 154 0 0 0 0 0 0 154
4932.Q0065 4932.YIL125W 0 0 0 258 0 0 118 317
4932.Q0065 4932.YGR027C 0 0 0 0 0 0 301 301
4932.Q0065 4932.YGR183C 0 0 0 48 300 540 45 668
4932.Q0065 4932.YLL041C 0 0 0 147 0 0 429 492
4932.Q0065 4932.YBL080C 0 0 0 0 0 0 309 309
4932.Q0065 4932.YBR037C 140 0 0 57 0 0 311 392
4932.Q0065 4932.YKL011C 0 0 0 0 0 0 191 191
4932.Q0065 4932.YLR241W 0 0 0 0 0 0 250 250
4932.Q0065 4932.YBL045C 54 0 0 0 252 540 74 658
4932.Q0065 4932.YGR021W 0 0 0 0 0 0 428 428
4932.Q0065 4932.YPL172C 155 0 350 495 0 0 305 781
4932.Q0065 4932.YAL005C 0 0 0 0 56 0 384 394
4932.Q0065 4932.YGL006W 0 0 0 50 0 0 178 185
4932.Q0065 4932.YLR038C 0 0 0 42 106 540 273 675
4932.Q0065 4932.YHR008C 0 0 0 56 0 0 194 206
4932.Q0065 4932.YGR244C 0 0 0 96 0 0 192 238
4932.Q0065 4932.YIL065C 0 0 0 0 0 0 171 171
4932.Q0065 4932.YDR119W-A 0 0 0 0 0 540 0 540
4932.Q0065 4932.YEL030W 0 0 0 0 0 0 457 457
4932.Q0065 4932.YCR053W 154 0 0 0 0 0 0 154
4932.Q0065 4932.YOR020C 0 0 0 46 0 0 172 176
4932.Q0065 4932.YIL114C 0 0 0 0 0 0 158 158
4932.Q0065 4932.YNR074C 0 0 0 0 0 0 171 171
4932.Q0065 4932.YBL072C 0 0 0 0 0 0 309 309
4932.Q0065 4932.YER154W 0 0 0 0 0 0 226 226
4932.Q0065 4932.YDR529C 0 0 0 54 71 540 60 569
4932.Q0065 4932.YJR045C 0 0 0 0 358 0 552 700
4932.Q0065 4932.YIL098C 0 0 0 0 0 0 171 171
4932.Q0065 4932.YMR256C 0 0 0 0 0 540 0 540
4932.Q0065 4932.YLL009C 0 0 0 0 0 0 465 465
4932.Q0065 4932.YNL310C 0 0 0 0 0 0 788 788
4932.Q0065 4932.YLR075W 0 0 0 49 0 0 187 193
4932.Q0065 4932.YHR026W 0 0 0 95 0 0 119 168
4932.Q0065 4932.YPL131W 0 0 0 0 0 0 313 313
4932.Q0065 4932.YPL029W 0 0 0 0 0 0 519 519
4932.Q0065 4932.YPL005W 0 0 0 0 0 0 446 446
4932.Q0065 4932.YPR001W 0 0 0 0 0 0 195 195
4932.Q0065 4932.YOR232W 0 0 0 0 0 0 458 458
4932.Q0065 4932.YJR048W 140 0 0 45 275 0 445 625
4932.Q0065 4932.YGR267C 150 0 0 55 0 0 47 167
4932.Q0065 4932.YEL039C 140 0 0 45 275 0 428 613
4932.Q0065 4932.YDL067C 0 0 0 0 0 540 0 540
4932.Q0065 4932.YKL141W 0 0 0 207 0 0 164 308
4932.Q0065 4932.YGR150C 0 0 0 0 0 0 152 152
4932.Q0065 4932.YOR358W 0 0 0 0 0 0 177 177
4932.Q0065 4932.Q0085 0 0 0 828 0 0 906 983
4932.Q0065 4932.YNL031C 0 0 0 0 0 0 190 190
4932.Q0065 4932.YCR005C 0 0 0 0 0 0 195 195
4932.Q0065 4932.YKL113C 0 0 0 0 0 0 191 191
4932.Q0065 4932.YLR395C 0 0 0 48 296 540 53 668
4932.Q0065 4932.YMR098C 0 0 0 0 0 0 193 193
4932.Q0065 4932.YFR032C-A 0 0 0 54 0 0 185 196
4932.Q0065 4932.Q0045 0 0 67 872 0 540 90 943
4932.Q0065 4932.YKL049C 0 0 0 0 0 0 190 190
4932.Q0065 4932.YNL055C 0 0 0 0 0 0 158 158
4932.Q0065 4932.YLR259C 0 0 0 0 112 0 137 200
4932.Q0065 4932.YJL104W 0 0 0 0 0 0 550 550
4932.Q0065 4932.YGL040C 0 0 0 47 0 0 192 197
4932.Q0065 4932.YEL050C 0 0 0 56 0 0 254 265
4932.Q0065 4932.YLL018C-A 0 0 0 0 0 0 165 165
4932.Q0065 4932.YKL155C 0 0 0 0 0 0 173 173
4932.Q0065 4932.YJR104C 0 0 0 0 0 0 191 191
4932.Q0065 4932.YEL059C-A 0 0 0 0 0 0 226 226
4932.Q0065 4932.YBL099W 0 0 0 238 0 0 428 545
4932.Q0065 4932.YDL107W 0 0 0 0 0 0 192 192
4932.Q0065 4932.YHR024C 54 0 0 0 252 0 74 287
4932.Q0065 4932.YGL246C 0 0 0 0 0 0 229 229
4932.Q0065 4932.Q0255 0 0 0 103 0 0 686 706
4932.Q0065 4932.YGL191W 0 0 0 0 271 540 46 652
4932.Q0065 4932.Q0050 0 0 0 259 0 0 351 498
4932.Q0065 4932.YDR298C 0 0 0 56 0 0 254 266
4932.Q0065 4932.YJR119C 0 0 0 114 0 0 95 163
4932.Q0065 4932.YPL017C 0 0 0 95 0 0 110 160
4932.Q0065 4932.YGR208W 150 0 0 42 0 0 0 150
4932.Q0065 4932.YBR044C 0 0 0 0 107 0 91 153
4932.Q0065 4932.YJR137C 0 0 0 0 0 0 161 161
4932.Q0065 4932.YDR350C 0 0 0 0 0 0 515 515
4932.Q0065 4932.YKR016W 0 0 0 0 143 0 259 337
4932.Q0065 4932.YDR047W 0 0 0 0 0 0 248 248
4932.Q0065 4932.YMR176W 0 0 0 114 0 0 95 163
4932.Q0065 4932.YMR234W 145 0 0 0 0 0 60 161
4932.Q0065 4932.YJR121W 0 0 0 114 0 0 151 215
4932.Q0065 4932.Q0060 0 0 126 99 0 540 0 606
4932.Q0065 4932.Q0105 102 0 0 507 268 540 762 958
4932.Q0065 4932.YGR222W 0 0 0 0 0 0 482 482
4932.Q0065 4932.YGR112W 155 0 0 114 0 0 335 459
4932.Q0065 4932.YOR354C 0 0 0 0 0 0 303 303
4932.Q0065 4932.YNL052W 0 0 0 46 108 540 76 589
4932.Q0065 4932.YDR296W 0 0 0 0 0 0 618 618
4932.Q0065 4932.YKL073W 0 0 0 0 0 0 442 442
4932.Q0065 4932.YGR088W 0 0 0 0 0 0 171 171
4932.Q0065 4932.YJR113C 0 0 0 76 0 0 137 168
4932.Q0065 4932.YHR001W-A 0 0 0 0 0 540 0 540
4932.Q0065 4932.YPR155C 0 0 0 0 0 0 346 346
4932.Q0065 4932.YCL017C 143 0 0 54 0 0 0 154
4932.Q0065 4932.YGL068W 0 0 0 46 0 0 309 312
4932.Q0065 4932.YDR263C 0 0 0 0 0 0 579 579
4932.Q0065 4932.YKL053C-A 0 0 0 0 0 0 157 157
4932.Q0065 4932.YBR039W 0 0 0 95 0 0 134 182
4932.Q0065 4932.YFL036W 0 0 0 85 0 0 404 431
4932.Q0065 4932.YDL044C 0 0 0 0 0 0 693 693
4932.Q0065 4932.Q0130 0 0 0 95 0 0 810 820
4932.Q0065 4932.YGL226W 0 0 0 46 108 540 76 589
4932.Q0065 4932.YBR169C 0 0 0 0 0 0 443 443
4932.Q0065 4932.YMR024W 0 0 0 44 0 0 179 181
4932.Q0065 4932.Q0080 0 0 0 97 0 0 697 714
4932.Q0065 4932.YIL111W 0 0 0 46 108 540 76 589
4932.Q0065 4932.YDL130W-A 0 0 0 0 0 0 311 311
4932.Q0065 4932.YGL187C 0 0 0 50 445 540 128 760
4932.Q0065 4932.Q0115 102 0 0 507 268 0 277 734
4932.Q0065 4932.YGL073W 0 0 0 0 0 0 551 551
4932.Q0065 4932.YLR369W 0 0 0 0 0 0 443 443
4932.Q0070 4932.YBR118W 0 0 0 0 0 0 307 307
4932.Q0070 4932.YEL027W 0 0 0 95 0 0 119 168
4932.Q0070 4932.YML021C 0 0 0 0 0 0 167 167
4932.Q0070 4932.YJR051W 0 0 0 140 0 0 117 208
4932.Q0070 4932.YPL132W 155 0 0 121 0 0 439 546
4932.Q0070 4932.YDL033C 0 0 0 0 0 0 230 230
4932.Q0070 4932.Q0250 155 366 415 881 519 540 536 995
4932.Q0070 4932.YOR065W 0 0 0 49 0 540 234 635
4932.Q0070 4932.YFL018C 0 0 0 95 0 0 110 160
4932.Q0070 4932.YEL047C 0 0 0 140 0 0 117 208
4932.Q0070 4932.YDR256C 0 0 0 0 0 0 171 171
4932.Q0070 4932.YPR166C 0 0 0 77 0 0 159 190
4932.Q0070 4932.YJR123W 0 0 0 76 0 0 137 168
4932.Q0070 4932.YBR179C 0 0 0 0 0 0 217 217
4932.Q0070 4932.YGL058W 0 0 0 0 0 0 269 269
4932.Q0070 4932.YDR158W 0 0 0 0 0 0 177 177
4932.Q0070 4932.YNR001C 0 0 0 0 0 0 195 195
4932.Q0070 4932.YOR033C 0 0 0 0 0 0 169 169
4932.Q0070 4932.YDR064W 0 0 0 0 0 0 169 169
4932.Q0070 4932.YBR010W 0 0 0 0 0 0 190 190
4932.Q0070 4932.YPR035W 0 0 0 0 0 0 190 190
4932.Q0070 4932.YGR082W 0 0 0 48 0 0 191 196
4932.Q0070 4932.YJL045W 0 0 0 140 0 0 260 336
4932.Q0070 4932.YBL038W 0 0 0 76 0 0 138 169
4932.Q0070 4932.YNR037C 0 0 0 46 0 0 220 224
4932.Q0070 4932.YER141W 155 0 0 94 0 0 249 374
4932.Q0070 4932.YPR191W 54 0 0 42 283 540 441 802
4932.Q0070 4932.YLR333C 0 0 0 0 0 0 301 301
4932.Q0070 4932.YER102W 0 0 0 0 0 0 309 309
4932.Q0070 4932.YOL114C 0 0 0 42 0 0 365 365
4932.Q0070 4932.YPL091W 0 0 0 95 0 0 110 160
4932.Q0070 4932.Q0065 0 0 70 872 0 540 0 940
4932.Q0070 4932.Q0110 102 0 0 507 268 0 140 684
4932.Q0070 4932.YLR281C 0 0 0 0 0 0 258 258
4932.Q0070 4932.YLR163C 54 0 0 0 252 540 109 671
4932.Q0070 4932.YNL178W 0 0 0 78 0 0 311 337
4932.Q0070 4932.YFR033C 0 0 0 49 0 540 45 545
4932.Q0070 4932.Q0055 0 0 0 411 0 0 107 451
4932.Q0070 4932.YMR118C 0 0 0 207 0 0 164 308
4932.Q0070 4932.YFL039C 0 0 0 0 0 0 155 155
4932.Q0070 4932.YPR080W 0 0 0 0 0 0 307 307
4932.Q0070 4932.YGL143C 0 0 0 0 0 0 227 227
4932.Q0070 4932.YBR024W 140 0 0 57 0 0 310 391
4932.Q0070 4932.YMR110C 0 0 0 42 0 0 194 194
4932.Q0070 4932.YHR051W 0 0 0 52 442 540 246 791
4932.Q0070 4932.YJL166W 0 0 0 52 494 540 0 760
4932.Q0070 4932.YCR012W 0 0 0 57 0 0 183 197
4932.Q0070 4932.YNR036C 0 0 0 55 0 0 191 202
4932.Q0070 4932.YPL234C 0 0 0 95 0 0 119 168
4932.Q0070 4932.Q0275 155 103 378 882 519 540 536 992
4932.Q0070 4932.Q0120 102 0 0 507 268 0 277 734
4932.Q0070 4932.YPL215W 0 0 0 0 0 0 175 175
4932.Q0070 4932.YKL148C 0 0 0 140 0 0 260 336
4932.Q0070 4932.YOR151C 0 0 0 0 0 0 294 294
4932.Q0070 4932.YDR019C 0 0 0 0 0 0 193 193
4932.Q0070 4932.YOR330C 0 0 0 0 0 0 220 220
4932.Q0070 4932.YEL024W 155 0 0 56 300 540 268 777
4932.Q0070 4932.YBL057C 154 0 0 0 0 0 0 154
4932.Q0070 4932.YIL125W 0 0 0 258 0 0 118 317
4932.Q0070 4932.YGR027C 0 0 0 0 0 0 301 301
4932.Q0070 4932.YGR183C 0 0 0 48 300 540 45 668
4932.Q0070 4932.YLL041C 0 0 0 147 0 0 429 492
4932.Q0070 4932.YBL080C 0 0 0 0 0 0 309 309
4932.Q0070 4932.YBR037C 140 0 0 57 0 0 311 392
4932.Q0070 4932.YLR241W 0 0 0 0 0 0 250 250
4932.Q0070 4932.YBL045C 54 0 0 0 252 540 74 658
4932.Q0070 4932.YGR021W 0 0 0 0 0 0 428 428
4932.Q0070 4932.YPL172C 155 0 368 495 0 0 523 854
4932.Q0070 4932.YGR292W 0 0 0 0 0 0 343 343
4932.Q0070 4932.YGL006W 0 0 0 50 0 0 178 185
4932.Q0070 4932.YLR038C 0 0 0 42 106 540 273 675
4932.Q0070 4932.YHR008C 0 0 0 56 0 0 194 206
4932.Q0070 4932.YGR244C 0 0 0 96 0 0 192 238
4932.Q0070 4932.YIL065C 0 0 0 0 0 0 336 336
4932.Q0070 4932.YDR119W-A 0 0 0 0 0 540 0 540
4932.Q0070 4932.YCR053W 154 0 0 0 0 0 0 154
4932.Q0070 4932.YOR020C 0 0 0 46 0 0 172 176
4932.Q0070 4932.YIL114C 0 0 0 0 0 0 158 158
4932.Q0070 4932.YNR074C 0 0 0 0 0 0 171 171
4932.Q0070 4932.YBL072C 0 0 0 0 0 0 309 309
4932.Q0070 4932.YDR529C 0 0 0 54 71 540 60 569
4932.Q0070 4932.YMR256C 0 0 0 0 0 540 0 540
4932.Q0070 4932.YLL009C 0 0 0 0 0 0 441 441
4932.Q0070 4932.YLR075W 0 0 0 49 0 0 187 193
4932.Q0070 4932.YHR026W 0 0 0 95 0 0 119 168
4932.Q0070 4932.YPL131W 0 0 0 0 0 0 313 313
4932.Q0070 4932.YPL029W 0 0 0 0 0 0 169 169
4932.Q0070 4932.YPR001W 0 0 0 0 0 0 195 195
4932.Q0070 4932.YJR048W 140 0 0 45 275 0 428 613
4932.Q0070 4932.YGR267C 150 0 0 55 0 0 47 167
4932.Q0070 4932.YEL039C 140 0 0 45 275 0 428 613
4932.Q0070 4932.YDL067C 0 0 0 0 0 540 0 540
4932.Q0070 4932.YKL141W 0 0 0 207 0 0 164 308
4932.Q0070 4932.Q0075 0 0 0 232 0 0 931 944
4932.Q0070 4932.YGR150C 0 0 0 0 0 0 152 152
4932.Q0070 4932.YOR358W 0 0 0 0 0 0 177 177
4932.Q0070 4932.Q0085 0 0 0 940 0 0 536 970
4932.Q0070 4932.YNL031C 0 0 0 0 0 0 190 190
4932.Q0070 4932.YCR005C 0 0 0 0 0 0 195 195
4932.Q0070 4932.YKL113C 0 0 0 0 0 0 191 191
4932.Q0070 4932.YLR395C 0 0 0 48 296 540 53 668
4932.Q0070 4932.YFR032C-A 0 0 0 54 0 0 185 196
4932.Q0070 4932.Q0045 0 0 55 895 0 540 67 951
4932.Q0070 4932.YKL049C 0 0 0 0 0 0 190 190
4932.Q0070 4932.YNL055C 0 0 0 0 0 0 158 158
4932.Q0070 4932.YLR259C 0 0 0 0 112 0 137 200
4932.Q0070 4932.YGL040C 0 0 0 47 0 0 192 197
4932.Q0070 4932.YEL050C 0 0 0 56 0 0 254 265
4932.Q0070 4932.YKL155C 0 0 0 0 0 0 173 173
4932.Q0070 4932.YBR299W 0 0 0 0 0 0 323 323
4932.Q0070 4932.YJR104C 0 0 0 0 0 0 191 191
4932.Q0070 4932.YBL099W 0 0 0 238 0 0 428 545
4932.Q0070 4932.YHR024C 54 0 0 0 252 0 74 287
4932.Q0070 4932.YGL246C 0 0 0 0 0 0 229 229
4932.Q0070 4932.Q0050 0 0 0 300 0 0 111 351
4932.Q0070 4932.YGL191W 0 0 0 0 271 540 46 652
4932.Q0070 4932.YDR298C 0 0 0 56 0 0 193 205
4932.Q0070 4932.YJR119C 0 0 0 114 0 0 95 163
4932.Q0070 4932.YPL017C 0 0 0 95 0 0 110 160
4932.Q0070 4932.YGR208W 150 0 0 42 0 0 0 150
4932.Q0070 4932.YBR044C 0 0 0 0 107 0 91 153
4932.Q0070 4932.YJR137C 0 0 0 0 0 0 161 161
4932.Q0070 4932.YKR016W 0 0 0 0 143 0 259 337
4932.Q0070 4932.YDR047W 0 0 0 0 0 0 248 248
4932.Q0070 4932.YHR092C 0 0 0 0 0 0 229 229
4932.Q0070 4932.YMR176W 0 0 0 114 0 0 95 163
4932.Q0070 4932.YMR234W 145 0 0 0 0 0 60 161
4932.Q0070 4932.YJR121W 0 0 0 114 0 0 151 215
4932.Q0070 4932.Q0060 0 0 118 123 0 540 0 613
4932.Q0070 4932.Q0105 102 0 0 549 268 540 277 883
4932.Q0070 4932.YGR222W 0 0 0 0 0 0 781 781
4932.Q0070 4932.YGR112W 155 0 0 114 0 0 262 399
4932.Q0070 4932.YNL052W 0 0 0 46 108 540 76 589
4932.Q0070 4932.YGR088W 0 0 0 0 0 0 171 171
4932.Q0070 4932.YJR113C 0 0 0 76 0 0 137 168
4932.Q0070 4932.YHR001W-A 0 0 0 0 0 540 0 540
4932.Q0070 4932.YCL017C 143 0 0 54 0 0 0 154
4932.Q0070 4932.YGL068W 0 0 0 46 0 0 309 312
4932.Q0070 4932.YDR263C 0 0 0 0 0 0 169 169
4932.Q0070 4932.YBR039W 0 0 0 95 0 0 134 182
4932.Q0070 4932.YKL053C-A 0 0 0 0 0 0 157 157
4932.Q0070 4932.YFL036W 0 0 0 0 0 0 258 258
4932.Q0070 4932.Q0130 0 0 0 149 0 0 429 493
4932.Q0070 4932.YJR009C 0 0 0 47 0 0 149 155
4932.Q0070 4932.YGL226W 0 0 0 46 108 540 76 589
4932.Q0070 4932.YMR024W 0 0 0 44 0 0 179 181
4932.Q0070 4932.YIL111W 0 0 0 46 108 540 76 589
4932.Q0070 4932.YGL187C 0 0 0 50 445 540 128 760
4932.Q0070 4932.Q0115 102 0 0 507 268 0 277 734
4932.Q0075 4932.YKL011C 0 0 0 0 0 0 789 789
4932.Q0075 4932.YIR021W 0 0 0 0 0 0 941 941
4932.Q0075 4932.YDR194C 0 0 0 0 0 0 684 684
4932.Q0075 4932.YMR290C 0 0 0 0 0 0 441 441
4932.Q0075 4932.Q0045 0 0 0 172 0 0 872 889
4932.Q0075 4932.YHL038C 0 0 0 0 0 0 330 330
4932.Q0075 4932.YBR227C 0 0 0 0 0 0 632 632
4932.Q0075 4932.YER141W 0 0 0 0 0 0 513 513
4932.Q0075 4932.Q0050 0 0 0 104 0 0 618 643
4932.Q0075 4932.YOR350C 0 0 0 0 0 0 680 680
4932.Q0075 4932.Q0060 0 0 0 173 0 0 0 173
4932.Q0075 4932.YGL064C 0 0 0 0 0 0 638 638
4932.Q0075 4932.Q0070 0 0 0 232 0 0 931 944
4932.Q0075 4932.YGR258C 0 0 0 0 0 0 351 351
4932.Q0075 4932.YPL029W 0 0 0 0 0 0 810 810
4932.Q0075 4932.YGR222W 0 0 0 0 0 0 936 936
4932.Q0075 4932.YPR134W 0 0 0 0 0 0 934 934
4932.Q0075 4932.YNR045W 0 0 0 0 0 0 786 786
4932.Q0075 4932.Q0275 0 0 0 71 0 0 572 585
4932.Q0075 4932.Q0120 0 0 0 0 0 0 276 276
4932.Q0075 4932.YER153C 0 0 0 0 0 0 687 687
4932.Q0075 4932.Q0115 0 0 0 0 0 0 831 831
4932.Q0080 4932.YLL012W 0 0 0 0 0 0 300 300
4932.Q0080 4932.YPL271W 0 0 0 0 800 720 556 972
4932.Q0080 4932.YPR036W 0 0 0 0 0 720 0 720
4932.Q0080 4932.YAL043C 0 0 0 0 0 0 290 290
4932.Q0080 4932.YBL099W 0 0 0 0 959 720 556 994
4932.Q0080 4932.YJL180C 0 0 0 0 0 0 682 682
4932.Q0080 4932.YOL076W 0 0 0 0 0 0 297 297
4932.Q0080 4932.YEL027W 0 0 0 0 0 720 0 720
4932.Q0080 4932.YGL048C 0 0 0 0 0 0 171 171
4932.Q0080 4932.YBL076C 0 0 0 0 0 0 309 309
4932.Q0080 4932.YAL064W-B 0 0 0 0 0 0 610 610
4932.Q0080 4932.YDR298C 0 0 0 0 800 720 684 980
4932.Q0080 4932.Q0065 0 0 0 97 0 0 697 714
4932.Q0080 4932.YER122C 0 0 0 0 0 0 274 274
4932.Q0080 4932.YJL189W 0 0 0 0 0 0 192 192
4932.Q0080 4932.YPR020W 0 0 0 0 0 720 0 720
4932.Q0080 4932.YER154W 0 0 0 0 0 0 515 515
4932.Q0080 4932.Q0250 0 0 0 0 0 0 781 781
4932.Q0080 4932.YBR185C 0 0 0 0 0 0 290 290
4932.Q0080 4932.YPL078C 0 0 0 0 959 720 610 995
4932.Q0080 4932.YDL005C 0 0 0 0 0 0 252 252
4932.Q0080 4932.YDR350C 0 0 0 0 445 0 878 929
4932.Q0080 4932.YIL098C 0 0 0 0 0 0 450 450
4932.Q0080 4932.YDL218W 0 0 0 0 0 0 501 501
4932.Q0080 4932.YLR393W 0 0 0 0 808 0 658 931
4932.Q0080 4932.YDR418W 0 0 0 0 0 0 193 193
4932.Q0080 4932.YHR026W 0 0 0 0 0 720 0 720
4932.Q0080 4932.YLR067C 0 0 0 0 536 0 445 731
4932.Q0080 4932.YLR447C 0 0 0 0 0 720 0 720
4932.Q0080 4932.YNL320W 0 0 0 0 0 0 450 450
4932.Q0080 4932.YOL140W 0 0 0 0 0 0 659 659
4932.Q0080 4932.YJR121W 0 0 0 0 959 720 553 994
4932.Q0080 4932.YDL202W 0 0 0 0 0 0 192 192
4932.Q0080 4932.YDR476C 0 0 0 0 0 0 570 570
4932.Q0080 4932.YKL016C 0 0 0 0 959 720 148 989
4932.Q0080 4932.YIR024C 0 0 0 0 0 0 481 481
4932.Q0080 4932.YMR317W 0 0 0 0 0 0 539 539
4932.Q0080 4932.YBR127C 0 0 0 0 0 720 0 720
4932.Q0080 4932.YGR174C 0 0 0 0 0 0 394 394
4932.Q0080 4932.Q0105 0 0 0 107 0 0 691 712
4932.Q0080 4932.YML091C 0 0 0 0 0 0 446 446
4932.Q0080 4932.YPL029W 0 0 0 0 0 0 290 290
4932.Q0080 4932.YAR050W 0 0 0 0 0 0 194 194
4932.Q0080 4932.YPL005W 0 0 0 0 498 0 879 936
4932.Q0080 4932.YNR019W 0 0 0 0 313 0 0 313
4932.Q0080 4932.YDR374C 0 0 0 0 0 0 355 355
4932.Q0080 4932.YLR061W 0 0 0 0 0 0 226 226
4932.Q0080 4932.YJL116C 0 0 0 0 0 0 900 900
4932.Q0080 4932.YOR270C 0 0 0 0 0 720 0 720
4932.Q0080 4932.YMR267W 0 0 0 0 0 650 0 650
4932.Q0080 4932.YMR064W 0 0 0 0 0 0 553 553
4932.Q0080 4932.YLR410W-B 0 0 0 0 0 0 680 680
4932.Q0080 4932.YEL051W 0 0 0 0 0 720 0 720
4932.Q0080 4932.YOL077W-A 0 0 0 0 800 720 0 941
4932.Q0080 4932.YBR105C 0 0 0 0 0 0 309 309
4932.Q0080 4932.YGR102C 0 0 0 0 0 0 610 610
4932.Q0080 4932.YDR226W 0 0 0 0 0 900 0 900
4932.Q0080 4932.YHR213W 0 0 0 0 0 0 377 377
4932.Q0080 4932.YNL315C 0 0 0 0 0 0 680 680
4932.Q0080 4932.YDL211C 0 0 0 0 0 0 654 654
4932.Q0080 4932.YEL054C 0 0 0 0 0 0 194 194
4932.Q0080 4932.YJR136C 0 0 0 0 0 0 481 481
4932.Q0080 4932.Q0140 0 0 0 91 0 0 839 847
4932.Q0080 4932.YDL039C 0 0 0 0 0 0 446 446
4932.Q0080 4932.YMR081C 0 0 0 0 0 0 447 447
4932.Q0080 4932.Q0085 0 0 0 133 959 720 981 999
4932.Q0080 4932.YKL080W 0 0 0 0 0 720 0 720
4932.Q0080 4932.YNL071W 0 0 0 0 0 0 374 374
4932.Q0080 4932.YPR155C 0 0 0 0 0 0 876 876
4932.Q0080 4932.YDR322C-A 0 0 0 0 0 720 0 720
4932.Q0080 4932.YDL185W 0 0 0 0 0 720 0 720
4932.Q0080 4932.YCR071C 0 0 0 0 0 0 452 452
4932.Q0080 4932.YML081C-A 0 0 0 0 800 720 309 957
4932.Q0080 4932.YHR047C 0 0 0 0 286 0 0 286
4932.Q0080 4932.YMR293C 0 0 0 0 0 0 392 392
4932.Q0080 4932.YNL251C 0 0 0 0 0 0 195 195
4932.Q0080 4932.YPL234C 0 0 0 0 0 720 0 720
4932.Q0080 4932.Q0275 0 0 0 0 0 0 396 396
4932.Q0080 4932.Q0120 0 0 0 0 0 0 398 398
4932.Q0080 4932.YER017C 0 0 0 0 0 0 213 213
4932.Q0080 4932.YMR054W 0 0 0 0 0 720 0 720
4932.Q0080 4932.YBR039W 0 0 0 0 800 720 136 947
4932.Q0080 4932.YDL040C 0 0 0 0 0 0 290 290
4932.Q0080 4932.YFL036W 0 0 0 0 0 0 194 194
4932.Q0080 4932.YLR203C 0 0 0 0 581 0 610 829
4932.Q0080 4932.YPL215W 0 0 0 0 0 0 359 359
4932.Q0080 4932.YHR013C 0 0 0 0 0 0 276 276
4932.Q0080 4932.YOR020W-A 0 0 0 0 0 540 391 707
4932.Q0080 4932.YGR020C 0 0 0 0 0 720 0 720
4932.Q0080 4932.YDR036C 0 0 0 0 0 0 480 480
4932.Q0080 4932.YMR282C 0 0 0 0 0 0 553 553
4932.Q0080 4932.YEL053C 0 0 0 0 0 0 351 351
4932.Q0080 4932.YLR295C 0 0 0 0 800 720 132 947
4932.Q0080 4932.YOL023W 0 0 0 0 0 0 194 194
4932.Q0080 4932.YMR098C 0 0 0 0 0 0 570 570
4932.Q0080 4932.YNR020C 0 0 0 0 0 0 614 614
4932.Q0080 4932.YJL131C 0 0 0 0 0 0 378 378
4932.Q0080 4932.YLR376C 0 0 0 0 0 0 276 276
4932.Q0080 4932.YDL044C 0 0 0 0 0 0 377 377
4932.Q0080 4932.YOR010C 0 0 0 0 0 0 290 290
4932.Q0080 4932.Q0130 0 0 0 97 800 720 920 995
4932.Q0080 4932.YHR213W-A 0 0 0 0 0 0 682 682
4932.Q0080 4932.YBR011C 0 0 0 0 0 650 0 650
4932.Q0080 4932.Q0045 0 0 0 121 0 0 799 815
4932.Q0080 4932.YML009C 0 0 0 0 0 0 511 511
4932.Q0080 4932.YKR042W 0 0 0 0 0 0 787 787
4932.Q0080 4932.YMR135C 0 0 0 0 0 0 347 347
4932.Q0080 4932.YLR370C 0 0 0 0 0 0 297 297
4932.Q0080 4932.YDR377W 0 0 0 0 903 720 0 971
4932.Q0080 4932.YBR120C 0 0 0 0 0 0 358 358
4932.Q0080 4932.YPL195W 0 0 0 0 0 0 313 313
4932.Q0080 4932.YOR332W 0 0 0 0 0 720 0 720
4932.Q0080 4932.YDR462W 0 0 0 0 0 0 392 392
4932.Q0080 4932.YPR024W 0 0 0 0 0 0 371 371
4932.Q0080 4932.YDL004W 0 0 0 0 800 720 787 987
4932.Q0080 4932.YGR183C 0 0 0 0 0 0 309 309
4932.Q0080 4932.YPL099C 0 0 0 0 0 0 481 481
4932.Q0080 4932.YBL080C 0 0 0 0 0 0 540 540
4932.Q0080 4932.YMR257C 0 0 0 0 0 0 372 372
4932.Q0080 4932.YJL147C 0 0 0 0 0 0 760 760
4932.Q0080 4932.YER170W 0 0 0 0 0 900 0 900
4932.Q0080 4932.YHR039C-A 0 0 0 0 0 720 0 720
4932.Q0080 4932.YCL005W-A 0 0 0 0 0 720 0 720
4932.Q0085 4932.YMR203W 0 0 0 0 0 0 317 317
4932.Q0085 4932.YPL271W 0 0 0 52 978 900 708 999